s1 0 0 2 0 0 126 16128 126 0 16128 126 16128 126 0 15998  # A=000000000000
s3001 0 0 2 0 0 13438 0 16128 126 3840 126 16128 126 7936 8318  # A=000000000000
s6001 0 0 2 0 0 16128 126 16128 126 0 3954 0 15486 256 15998  # A=000000000000
s9001 0 0 2 0 0 16128 126 16128 126 5888 126 16128 126 0 5246  # A=000000000000
s12001 0 0 2 0 0 16128 126 16128 126 12288 3954 0 16158 0 15998  # A=000000000000
s15001 0 0 2 0 0 16130 20 16128 126 9984 126 16128 126 256 15998  # A=000000000000
s18001 0 0 2 0 0 16134 112 16128 126 8704 126 16128 126 7936 8318  # A=000000000000
s21001 0 0 2 0 0 16160 82 16128 126 16128 126 16128 126 1792 126  # A=000000000000
s24001 0 0 2 0 2 11128 0 16128 126 16128 126 16128 126 14592 126  # A=000000000000
s27001 0 0 2 0 2 16128 2 16128 126 16128 126 16128 126 256 14974  # A=000000000000
s30001 0 0 2 0 2 16128 96 16128 126 16128 126 16128 126 256 8318  # A=000000000000
s33001 0 0 2 0 2 16128 126 16128 126 512 126 16128 126 4352 638  # A=000000000000
s36001 0 0 2 0 2 16128 126 16128 126 8192 126 16128 126 1280 12926  # A=000000000000
s39001 0 0 2 0 2 16128 126 16128 126 12288 1914 4096 8318 768 15486  # A=000000000000
s42001 0 0 2 0 2 16132 72 16128 126 16128 126 16128 126 768 8318  # A=000000000000
s45001 0 0 2 0 2 16160 14 16128 126 16128 126 16128 126 0 8830  # A=000000000000
s48001 0 0 2 0 4 16128 126 16128 126 2816 126 16128 126 2048 4734  # A=000000000000
s51001 0 0 2 0 4 16128 126 16128 126 13312 126 16128 126 768 4222  # A=000000000000
s54001 0 0 2 0 6 10104 6 16128 126 8192 126 16128 126 3840 12414  # A=000000000000
s57001 0 0 2 0 6 16128 8 16128 126 16128 126 16128 126 256 8830  # A=000000000000
s60001 0 0 2 0 6 16128 96 16128 126 16128 126 16128 126 1024 126  # A=000000000000
s63001 0 0 2 0 6 16128 126 16128 126 256 126 16128 126 13056 126  # A=000000000000
s66001 0 0 2 0 6 16128 126 16128 126 8192 1914 2048 126 768 15486  # A=000000000000
s69001 0 0 2 0 6 16128 126 16128 126 12544 126 16128 126 0 16134  # A=000000000000
s72001 0 0 2 0 6 16144 96 16128 126 16128 126 16128 126 0 126  # A=000000000000
s75001 0 0 2 0 8 16128 126 16128 126 2048 126 16128 126 2816 5246  # A=000000000000
s78001 0 0 2 0 8 16128 126 16128 126 12288 3958 12288 126 0 15998  # A=000000000000
s81001 0 0 2 0 10 16128 8 16128 126 16128 126 16128 126 256 13438  # A=000000000000
s84001 0 0 2 0 10 16128 126 16128 126 4352 126 16128 126 4096 2174  # A=000000000000
s87001 0 0 2 0 10 16160 64 16128 126 16128 126 16128 126 256 9342  # A=000000000000
s90001 0 0 2 0 14 16128 8 16128 126 16128 126 16128 126 0 8830  # A=000000000000
s93001 0 0 2 0 14 16128 100 16128 126 0 126 16128 126 768 15486  # A=000000000000
s96001 0 0 2 0 14 16128 126 16128 126 2048 126 16128 126 1024 8830  # A=000000000000
s99001 0 0 2 0 14 16128 126 16128 126 9216 126 16128 126 4096 8318  # A=000000000000
s102001 0 0 2 0 14 16160 16 16128 126 768 126 16128 126 7936 8318  # A=000000000000
s105001 0 0 2 0 16 16128 126 16128 126 5376 126 16128 126 2048 12414  # A=000000000000
s108001 0 0 2 0 16 16130 4 16128 126 16128 126 16128 126 0 16174  # A=000000000000
s111001 0 0 2 0 18 16128 126 16128 126 0 126 16128 126 4352 638  # A=000000000000
s114001 0 0 2 0 18 16128 126 16128 126 8704 126 16128 126 1024 12414  # A=000000000000
s117001 0 0 2 0 20 16128 126 16128 126 4352 126 16128 126 4608 8318  # A=000000000000
s120001 0 0 2 0 22 16128 126 16128 126 0 126 16128 126 1024 10878  # A=000000000000
s123001 0 0 2 0 22 16128 126 16128 126 16128 126 0 2174 0 14462  # A=000000000000
s126001 0 0 2 0 30 12128 2 16128 126 10496 126 16128 126 256 14462  # A=000000000000
s129001 0 0 2 0 30 16128 0 16128 126 10752 126 16128 126 14080 2174  # A=000000000000
s132001 0 0 2 0 30 16128 6 16128 126 1792 126 16128 126 256 14462  # A=000000000000
s135001 0 0 2 0 30 16128 16 16128 126 9984 126 16128 126 0 14462  # A=000000000000
s138001 0 0 2 0 30 16128 36 16128 126 768 126 16128 126 512 15486  # A=000000000000
s141001 0 0 2 0 30 16128 66 16128 126 9472 126 16128 126 0 14462  # A=000000000000
s144001 0 0 2 0 30 16128 82 16128 126 16128 126 16128 126 0 16128  # A=000000000000
s147001 0 0 2 0 30 16128 112 16128 126 2048 126 16128 126 256 14974  # A=000000000000
s150001 0 0 2 0 30 16128 126 16128 8 9216 126 16128 126 768 15486  # A=000000000000
s153001 0 0 2 0 30 16128 126 16128 126 0 1906 14336 638 15360 126  # A=000000000000
s156001 0 0 2 0 30 16128 126 16128 126 0 10098 0 16142 0 15486  # A=000000000000
s159001 0 0 2 0 30 16128 126 16128 126 0 14202 0 126 768 14462  # A=000000000000
s162001 0 0 2 0 30 16128 126 16128 126 4096 1914 8192 126 256 14462  # A=000000000000
s165001 0 0 2 0 30 16128 126 16128 126 8192 1906 0 2686 0 16190  # A=000000000000
s168001 0 0 2 0 30 16128 126 16128 126 8192 3954 0 2174 0 16142  # A=000000000000
s171001 0 0 2 0 30 16128 126 16128 126 8192 3958 8192 8002 0 14462  # A=000000000000
s174001 0 0 2 0 30 16128 126 16128 126 10240 1914 14336 1150 0 2174  # A=000000000000
s177001 0 0 2 0 30 16128 126 16128 126 12288 3954 4096 126 13312 126  # A=000000000000
